54.8248419797517 6.54644227370419 6
54.8248419797517 6.54435777370419 6
54.8248419797517 6.54227327370419 6
54.8248419797517 6.54018877370419 6
54.8248419797517 6.53810427370419 6
54.8248419797517 6.53601977370419 6
54.8248419797517 6.53393527370419 6
54.8248419797517 6.53185077370419 6
54.8248419797517 6.52976627370419 6
54.8248419797517 6.52768177370419 6
54.8248419797517 6.52559727370419 6
54.8248419797517 6.52351277370419 6
54.8414959797517 6.54644227370419 6
54.8414959797517 6.54435777370419 6
54.8414959797517 6.54227327370419 6
54.8414959797517 6.54018877370419 6
54.8414959797517 6.53810427370419 6
54.8414959797517 6.53601977370419 6
54.8414959797517 6.53393527370419 6
54.8414959797517 6.53185077370419 6
54.8414959797517 6.52976627370419 6
54.8414959797517 6.52768177370419 6
54.8414959797517 6.52559727370419 6
54.8414959797517 6.52351277370419 6
54.8581499797517 6.54644227370419 6
54.8581499797517 6.54435777370419 6
54.8581499797517 6.54227327370419 6
54.8581499797517 6.54018877370419 6
54.8581499797517 6.53810427370419 6
54.8581499797517 6.53601977370419 6
54.8581499797517 6.53393527370419 6
54.8581499797517 6.53185077370419 6
54.8581499797517 6.52976627370419 6
54.8581499797517 6.52768177370419 6
54.8581499797517 6.52559727370419 6
54.8581499797517 6.52351277370419 6
54.8748039797517 6.54644227370419 6
54.8748039797517 6.54435777370419 6
54.8748039797517 6.54227327370419 6
54.8748039797517 6.54018877370419 6
54.8748039797517 6.53810427370419 6
54.8748039797517 6.53601977370419 6
54.8748039797517 6.53393527370419 6
54.8748039797517 6.53185077370419 6
54.8748039797517 6.52976627370419 6
54.8748039797517 6.52768177370419 6
54.8748039797517 6.52559727370419 6
54.8748039797517 6.52351277370419 6
54.8914579797517 6.54852677370419 6
54.8914579797517 6.54644227370419 6
54.8914579797517 6.54435777370419 6
54.8914579797517 6.54227327370419 6
54.8914579797517 6.54018877370419 6
54.8914579797517 6.53810427370419 6
54.8914579797517 6.53601977370419 6
54.8914579797517 6.53393527370419 6
54.8914579797517 6.53185077370419 6
54.8914579797517 6.52976627370419 6
54.8914579797517 6.52768177370419 6
54.8914579797517 6.52559727370419 6
54.8914579797517 6.52351277370419 6
54.9081119797517 6.54852677370419 6
54.9081119797517 6.54644227370419 6
54.9081119797517 6.54435777370419 6
54.9081119797517 6.54227327370419 6
54.9081119797517 6.54018877370419 6
54.9081119797517 6.53810427370419 6
54.9081119797517 6.53601977370419 6
54.9081119797517 6.53393527370419 6
54.9081119797517 6.53185077370419 6
54.9081119797517 6.52976627370419 6
54.9081119797517 6.52768177370419 6
54.9081119797517 6.52559727370419 6
54.9081119797517 6.52351277370419 6
54.9247659797517 6.54852677370419 6
54.9247659797517 6.54644227370419 6
54.9247659797517 6.54435777370419 6
54.9247659797517 6.54227327370419 6
54.9247659797517 6.54018877370419 6
54.9247659797517 6.53810427370419 6
54.9247659797517 6.53601977370419 6
54.9247659797517 6.53393527370419 6
54.9247659797517 6.53185077370419 6
54.9247659797517 6.52976627370419 6
54.9247659797517 6.52768177370419 6
54.9247659797517 6.52559727370419 6
54.9247659797517 6.52351277370419 6
54.9414199797517 6.54852677370419 6
54.9414199797517 6.54644227370419 6
54.9414199797517 6.54435777370419 6
54.9414199797517 6.54227327370419 6
54.9414199797517 6.54018877370419 6
54.9414199797517 6.53810427370419 6
54.9414199797517 6.53601977370419 6
54.9414199797517 6.53393527370419 6
54.9414199797517 6.53185077370419 6
54.9414199797517 6.52976627370419 6
54.9414199797517 6.52768177370419 6
54.9414199797517 6.52559727370419 6
54.9414199797517 6.52351277370419 6
54.9580739797517 6.54852677370419 6
54.9580739797517 6.54644227370419 6
54.9580739797517 6.54435777370419 6
54.9580739797517 6.54227327370419 6
54.9580739797517 6.54018877370419 6
54.9580739797517 6.53810427370419 6
54.9580739797517 6.53601977370419 6
54.9580739797517 6.53393527370419 6
54.9580739797517 6.53185077370419 6
54.9580739797517 6.52976627370419 6
54.9580739797517 6.52768177370419 6
54.9580739797517 6.52559727370419 6
54.9580739797517 6.52351277370419 6
54.9747279797517 6.54644227370419 6
54.9747279797517 6.54435777370419 6
54.9747279797517 6.54227327370419 6
54.9747279797517 6.54018877370419 6
54.9747279797517 6.53810427370419 6
54.9747279797517 6.53601977370419 6
54.9747279797517 6.53393527370419 6
54.9747279797517 6.53185077370419 6
54.9747279797517 6.52976627370419 6
54.9747279797517 6.52768177370419 6
54.9747279797517 6.52559727370419 6
54.9747279797517 6.52351277370419 6
54.9913819797517 6.54435777370419 6
54.9913819797517 6.54227327370419 6
54.9913819797517 6.54018877370419 6
54.9913819797517 6.53810427370419 6
54.9913819797517 6.53601977370419 6
54.9913819797517 6.53393527370419 6
54.9913819797517 6.53185077370419 6
54.9913819797517 6.52976627370419 6
54.9913819797517 6.52768177370419 6
54.9913819797517 6.52559727370419 6
54.9913819797517 6.52351277370419 6
